121.24589805372423 24.847128961468247
121.24591978077888 24.847160558101965
121.24596922550988 24.847277859136074
121.24600725236259 24.84744041541176
121.24599540593174 24.847557727036868
121.2459589282096 24.84772483082428
121.24589611750635 24.847864799402586
121.24584346000216 24.84793937849723
121.24574488934088 24.848032091917712
121.24565265355427 24.848108993156202
121.2455612850781 24.848170181494858
121.2454557081101 24.84822805347087
121.24545562598439 24.848228053605773
121.2454537509258 24.848229049822137
121.2445820455757 24.848654679309327
121.24432276868514 24.84878602953969
121.24391620093242 24.848971886601625
121.24387664805867 24.848987751960426
121.24364685252424 24.84908745039973
121.24339733827884 24.84916234949032
121.24325585748417 24.84918289583975
121.24309720707954 24.84918766919004
121.24289036323636 24.84917220385687
121.24276849483824 24.849163372489674
121.2423512664743 24.849073755617713
121.24220793998612 24.84902658380214
121.2419204666287 24.848929983955628
121.2417026623811 24.84881746917143
121.24146052664607 24.848657679459237
121.24117120647574 24.848407490769247
121.24098436956625 24.848228197895903
121.24098338824528 24.848227296627027
121.24090403404183 24.84813035811755
121.23813663112794 24.844753468707808
121.23797307502308 24.84458000336249
121.23775631691551 24.844411047359085
121.23761294579067 24.84433678286544
121.237394968371 24.844255864469698
121.23719530707652 24.844235865520286
121.23714797679136 24.844238197763854
121.23696837455148 24.844252027244075
121.23687224894384 24.844258951927767
121.2367396557167 24.8442727057138
121.23656163426618 24.844345223005643
121.23654809548657 24.844349758696435
121.23637233303258 24.844451617589495
121.23624298186692 24.844539859231926
121.23521597115929 24.84531565862161
121.23320869802349 24.846835652824105
121.23320861705731 24.846835743235637
121.23311757680617 24.84690116780134
121.23303077635069 24.84696450823766
121.23159502361142 24.848059296752265
121.23135082055155 24.848228434298754
121.23061853455955 24.848735663474233
121.22987243710264 24.84923577777942
121.22937309127207 24.849577313902408
121.22923810681888 24.849669982100977
121.2284724425493 24.850188177371844
121.22769810326564 24.850651935467035
121.2245091336259 24.852564129275425
121.22440360347316 24.85261051832904
121.22422557405945 24.852688708928994
121.22406759901307 24.852754408988172
121.2236169839643 24.85288835763233
121.22347544988075 24.85292920223401
121.2229896726161 24.853072140713447
121.22209119871111 24.853332892629894
121.22199477893268 24.853362382214986
121.22170952597246 24.853455357104973
121.221298229709 24.853580210999702
121.22111831273772 24.853654969864955
121.2209664009269 24.85378160557928
121.22081262872074 24.85391727420996
121.22060111918809 24.854127338950114
121.22056731053266 24.854162603689485
121.22042091137402 24.85431505497169
121.22040886034628 24.85433087445879
121.22030125850446 24.85445292985975
121.22027431065318 24.85449134439582
121.22023113582934 24.854538812266185
121.22017960395327 24.85461338069507
121.21999378011961 24.854995146222162
121.219905588558 24.855248008568218
121.21987043925405 24.855356412409172
121.21980338812833 24.85556427795824
121.21977518420414 24.85567718671435
121.21955992936371 24.8563568736108
121.21936585552899 24.85696880978413
121.2192928605283 24.857093070740696
121.2191826745109 24.85741838078211
121.2190556142124 24.857802135365638
121.21838911890512 24.85985946292212
121.21817498257535 24.86048731773169
121.21803809775523 24.86085763139182
121.21749567403046 24.86251513350864
121.21732747520907 24.862998539769034
121.21725145372936 24.863215264993293
121.21718959924173 24.86341174391526
121.21713613536494 24.863599181201195
121.21708884749222 24.86377080870025
121.21705415725702 24.86391081449419
121.2170317833133 24.86404619694123
121.2170193876395 24.864193032891635
121.2170085207598 24.864560905178305
121.21700618612753 24.86495368642972
121.21698545343986 24.8651410760673
121.21695052306679 24.865518013571766
121.2169411535877 24.865621864902124
121.21690592277865 24.86582733438364
121.21682332889635 24.866161540522036
121.21679355724783 24.86626758919672
121.21674676020234 24.86639406789232
121.21670327173314 24.866498058994317
121.21661672806334 24.866674257492583
121.21654453702966 24.866796168413618
121.21644701538061 24.866949809665435
121.21636004230633 24.867067317048683
121.21626992440038 24.867159998748985
121.21619087551849 24.867234605562377
121.21610295340209 24.867322769731743
121.21567288084739 24.8677589678754
121.21555554181809 24.867876519537173
121.21503536929 24.86841903185801
121.21466955430618 24.868773960204468
121.21451025946554 24.86894123260963
121.21403148338035 24.869447474039454
121.21381435972576 24.86945230022212
121.21382497453396 24.86969156283896
121.21376403765699 24.871091112536966
121.21374816538501 24.87159217534676
121.21368200473415 24.87323019728157
121.2136820048894 24.873230287566297
121.21368200613136 24.873231009844137
121.21371809733759 24.873664277204167
121.21373263925656 24.87390804922108
121.21372938878432 24.874154104723846
121.21370763562737 24.874273774242347
121.2136932138983 24.874337000661654
121.2136707026887 24.87439572350569
121.21364766663963 24.874434132082673
121.21361860997528 24.874483834887073
121.21357144582225 24.874542592983712
121.21351119770786 24.874635139953554
121.21346133898437 24.874741396259015
121.21342098501412 24.87486777521041
121.21336088356801 24.87514099921317
121.21331306864894 24.87539163259221
121.21327564531518 24.875560986545338
121.21320238820469 24.875779962596866
121.21315034879733 24.875899676159303
121.21300381986302 24.876139163792022
121.21254189825922 24.876783074130298
121.21208192779109 24.877424812496816
121.2120337983967 24.877492600859107
121.21193962172434 24.87760551126295
121.21187178676138 24.877702673750434
121.21179838001866 24.877836051066534
121.21173047669984 24.8779896461645
121.21169413834183 24.878174799802625
121.21168916698633 24.87837110518582
121.21169151171004 24.87864532418174
121.21169878003275 24.879461296986467
121.21170152927448 24.880307975676303
121.21171256608748 24.881227510528955
121.21181992347977 24.88209291196135
121.21184002226457 24.882293787101265
121.2119539636098 24.88309263271288
121.2119885327788 24.883257459994574
121.21207962050705 24.884058594972416
121.2121140485929 24.88428428069524
121.21218817735314 24.88476273094863
121.21229171485172 24.885633916160074
121.21243280130354 24.886739630228384
121.21244944997893 24.886926875253163
121.21253439462929 24.887904181941902
121.21256666183668 24.88834431671968
121.2126169865127 24.888840768853996
121.21264960311815 24.8892944466756
121.21265521966015 24.88947502625587
121.21264273696728 24.88976615009629
121.21263240164429 24.889881288721742
121.21253636809887 24.89053596288841
121.21245633709248 24.891095896437662
121.21245124023255 24.8911229015401
121.21242502714057 24.89126298403104
121.21241187745258 24.89135555363515
121.21238079625421 24.89160841951486
121.21234954012425 24.89180710937139
121.21231825698187 24.89194259452483
121.21227915167549 24.89208702898486
121.21215599685985 24.89249578224186
121.2120523667292 24.8927684350156
121.2117526892761 24.89355612886073
121.21174106612943 24.893586574010982
121.21164779895126 24.893808828384923
121.211611206889 24.89389601315191
121.21158278144975 24.893984090080316
121.21156291215742 24.894110528582825
121.21143928624596 24.894916482156884
121.21138880363232 24.895237005675092
121.21136372363289 24.8954199751497
121.21126283435574 24.89610625819865
121.21124381422624 24.896156217072157
121.21118742402572 24.8965080803309
121.21118011707023 24.89658032473788
121.21114997616654 24.896860367270325
121.21110655689034 24.897158306744988
121.21110195248029 24.897187658487052
121.21098107880574 24.897935007322072
121.2109454115311 24.898230678633
121.21090056690701 24.898603202364075
121.2108461756278 24.899027567460806
121.21082824704241 24.899384251475517
121.21087652003499 24.899587343576666
121.21097619465743 24.900009324004188
121.21108543010897 24.90033864974651
121.21127153361424 24.9009771221169
121.21140996812521 24.901575208818954
121.21147390339185 24.901769158814087
121.21179289565468 24.902813671231105
121.21179693790955 24.903411949036503
121.21175440395434 24.904229073235243
121.21173331460037 24.904933301246395
121.21173265754446 24.905217725681442
121.21175051647676 24.905635216824223
121.21178980650355 24.90593087099693
121.2118269141855 24.90628756692956
121.21187177887069 24.906835944890197
121.21187978248153 24.90702780715891
121.21183830812609 24.90717459200256
121.21166849810486 24.907766164344075
121.2115772075054 24.90790850555743
121.21143543991842 24.90833064686195
121.21137781189509 24.908533978893313
121.21136730210804 24.90873941096642
121.21145808017495 24.909301267390713
121.21146416592066 24.909470558500146
121.2114713055974 24.909827206550286
121.21144117745257 24.91011609742576
121.21131124993197 24.910682961332725
121.21123862634062 24.910904192635442
121.21121897704415 24.910969683050688
121.21103557988452 24.911595223335066
121.21085384106752 24.912236471411415
121.21046928384919 24.9136589519004
121.210465507093 24.91369516491707
121.21046131464585 24.913726774011742
121.21044800290689 24.91391857507997
121.21045506172437 24.914035946672588
121.21049274554294 24.914300000850275
121.21052675564593 24.914564060194234
121.2106127435598 24.9150943211851
121.21081766906526 24.91636906116889
121.21082212600453 24.91639695546986
121.21100604329253 24.917560935724413
121.21108247164676 24.91803703366623
121.21136188045362 24.919837894955755
121.2114559646438 24.92056218368986
121.21153903382657 24.920860033238654
121.21176247835653 24.922351718670985
121.21187259405961 24.923040047320104
121.21190158412112 24.92323115616465
121.21190158427542 24.923231246448836
121.2120284528729 24.92406907640702
121.21210769372864 24.924466162443863
121.2121499778867 24.924741496602337
121.21234208483402 24.92509327514784
121.21247958616397 24.92536621643365
121.21333906208886 24.927897708620737
121.21340653409474 24.928096256454893
121.21378330093728 24.929206049912445
121.21386487628165 24.929483583233363
121.21404743030038 24.930255236367387
121.21422759142912 24.931105898569395
121.2143919801239 24.931760195941692
121.21445200837987 24.93194972455909
121.21481959822155 24.932983049953666
121.21483823159686 24.93303719814878
121.2152087711981 24.93397787751581
121.21531641768802 24.93430945784515
121.21552957538051 24.935011178075715
121.21565542423046 24.93552331732591
121.2157188027659 24.935805390794023
121.21626602890073 24.938391308819458
121.21630780832977 24.93879079439046
121.2163502372817 24.939327884662116
121.21640144554888 24.94026225115332
121.2164380595761 24.940743007923615
121.21645817503065 24.94173836656347
121.21655777132068 24.94241090349217
121.21668516039664 24.943049449443468
121.2168605045066 24.944066794490727
121.21687461465267 24.9441483988933
121.21700140816857 24.944771143755155
121.21713001543218 24.94540309658799
121.21714649378717 24.94548424607705
121.21716715897996 24.945577849565154
121.21725286879357 24.945966795666372
121.21756161308161 24.947314145225832
121.21770439351258 24.94810598499501
121.21771531428175 24.94823165705068
121.21771531444045 24.94823174733448
121.21771539707075 24.94823255977
121.21776603217614 24.948460474614564
121.21786891490996 24.94890492608329
121.21788077421917 24.948960529115713
121.21819342074497 24.95042805078888
121.21829558424855 24.95078681433933
121.21851432905838 24.952638035852384
121.21860037608045 24.953397812638645
121.21860751080877 24.953460375276812
121.21863174215515 24.95367541688297
121.218656550453 24.953892985582506
121.21869189172368 24.95415478246125
121.21873426928369 24.954468668247724
121.21878682624556 24.95485802275766
121.21880940933914 24.955018168656558
121.21885232464678 24.95535859976738
121.21887152081378 24.955497351521934
121.21893448706548 24.955952243082194
121.21901394631968 24.95635591573736
121.2188860470333 24.956367841551817
121.21883533227471 24.956374688265228
121.21842319285638 24.956447526651363
121.21801417553255 24.95653164662642
121.21797097771902 24.95653929459914
121.21727408339486 24.95666139525832
121.21735301111366 24.956997529962877
121.21728993669407 24.957223353472713
121.21726073164687 24.9573385189119
121.21710193655557 24.95766615154941
121.21707526322236 24.957781133591702
121.2170861638367 24.957848836963652
121.21709093127261 24.957912035077495
121.21712467610088 24.958056453699317
121.2172113254205 24.958277634903478
121.21725355280903 24.958367865353647
121.21728189756715 24.958460374043632
121.21731895250343 24.95858221499729
121.21741064293423 24.958789574370364
121.21747196873955 24.958963297608143
121.2175212914481 24.95913974776589
121.21752696756617 24.95920872269594
121.2175320357891 24.959396704427803
121.21748589651884 24.959730674157054
121.21748454071815 24.960121282170366
121.21749338069407 24.96064261897767
121.2175099028591 24.96149125426937
121.21751417208564 24.961782442407802
121.21749160405163 24.962048838054876
121.21744292649775 24.96219346804727
121.21773615066824 24.96230906523525
121.21769086474704 24.962431387522017
121.21762333343602 24.962632386765215
121.21749655740108 24.963008280108507
121.21734661083109 24.963494363374586
121.21727628718514 24.963733560191493
121.2172242342408 24.963910790185537
121.21711158214507 24.964282960007033
121.21705968265199 24.964454771776154
121.21698530106956 24.96470968644126
121.21689930621866 24.965004435856088
121.21687420029363 24.96508230430687
121.21678531051812 24.96535701394726
121.21667228945886 24.965706610250702
121.2165046223228 24.966293665551287
121.21649016799917 24.966343347180022
121.21640890624721 24.966589512171694
121.21635007256755 24.966767926251908
121.21632152208409 24.96688534752037
121.21626158513898 24.96713364915101
121.21622084477872 24.96733460874563
121.21616649455554 24.967601141346872
121.21610591786532 24.967998425635685
121.2158330316873 24.96896486073591
121.21552420230539 24.970075815753553
121.21535005930623 24.970468840060743
121.21518132643413 24.970825648928237
121.21504372411071 24.97109221102653
121.2148994508511 24.97137494431636
121.21489619349832 24.971381360067838
121.21462860397627 24.971878264298713
121.21449529434274 24.97217190660878
121.21425049495454 24.972763674538005
121.2141962959541 24.97288564732001
121.21404199866629 24.973232231080164
121.21404199882254 24.973232321363685
121.21404151041793 24.973233406373605
121.21394856795997 24.97339155096077
121.21390751424298 24.973461587073974
121.2136623594588 24.974134527675382
121.21357939058483 24.974344666551648
121.21349278787551 24.974532147566492
121.21341012496042 24.97468341639648
121.21303422127176 24.97515121730225
121.21271729747072 24.97552177957252
121.21254894722996 24.97572978273087
121.21179958326748 24.976622398836728
121.21179240972734 24.976631438316666
121.21075340181042 24.97790359738564
121.2107169627018 24.977951053330006
121.21072939580255 24.978199429655486
121.21073372236691 24.97838894706275
121.21079537212323 24.97894415863856
121.21084932988468 24.979539921121106
121.21086779692871 24.980212483061877
121.21093086761537 24.981072518959554
121.21093100222751 24.981151434813064
121.21090506395579 24.981751825377735
121.21089255411934 24.981842226066874
121.21087330486127 24.982004779258194
121.21084610547422 24.982201023117742
121.21081949464093 24.982359072540756
121.21070172090269 24.983198868138725
121.21069567031424 24.983244023035915
121.21068558347946 24.98355789301697
121.21068793951102 24.983837796018417
121.21073034769927 24.984031684169288
121.21081800546487 24.98421674980019
121.21082684678842 24.984322830463572
121.21083614804948 24.984363448528537
121.21084125224519 24.98438601491153
121.21088202872612 24.984916333666984
121.21091686456337 24.985221021287163
121.21100014690818 24.985570785622933
121.21105190533548 24.985785066274754
121.21105760015456 24.985866321566427
121.21104077036978 24.98601081273685
121.21093858231822 24.98631343745823
121.2107997219258 24.9867672623257
121.21072835246792 24.98703146908498
121.21064053697316 24.987282244118102
121.2105971275096 24.987364110608226
121.2102726402094 24.98753802136449
121.20967322050971 24.987862835303623
121.2090462074353 24.988203849063677
121.20885037271049 24.988310397736356
121.2082184813791 24.988716695301846
121.2078348589587 24.989052848127336
121.20706087054013 24.9900928300796
121.20664307744565 24.990912362196603
121.20619383333846 24.991788097544855
121.20595708095625 24.992254333666935
121.20553372630242 24.993078926080933
121.20495249533678 24.994196101724018
121.2040968927227 24.99592339392682
121.20395241930855 24.996166568427928
121.20373957717969 24.996525049906943
121.20321382450182 24.99726128873576
121.20265573351126 24.997913779421012
121.2024138134426 24.998233562430993
121.20203172681009 24.999036779577015
121.2019553601469 24.999458367145706
121.20195317623754 24.999472636704436
121.20192519562798 24.999651543392815
121.20185403010603 25.000106350841527
121.2017922454766 25.00050146362628
121.20166862418813 25.001811589969112
121.20165676837439 25.001907405802463
121.2015959581249 25.002399671103184
121.20146707779358 25.003443441813086
121.20124394697324 25.00507207205462
121.20121883130017 25.00525585081727
121.20110319996905 25.006560637474827
121.2012419650223 25.00691547836574
121.20173283197956 25.007402752624202
121.20204241174675 25.007568288591855
121.2018067150847 25.00830828126156
121.2018054589361 25.00833988575458
121.20180242022361 25.008430181366187
121.20181977280156 25.008547537927214
121.20188015434624 25.00874158416106
121.20197347337063 25.008987503081592
121.20210626938433 25.00933747583002
121.20219515741006 25.009571753154113
121.20239443738184 25.01004777277286
121.20266798877053 25.010713303946552
121.20279206238196 25.01102373925761
121.20325102364944 25.01217225955035
121.20326833865816 25.01221566576829
121.20332413691084 25.01235310451313
121.2034433637398 25.012646571658667
121.20349436642813 25.012799907654568
121.2035131312613 25.012880061673833
121.20353403608662 25.01296915080759
121.20357457907878 25.013172252598494
121.20369156681824 25.014436090066276
121.20374685600736 25.015056681166573
121.20373569444017 25.015275745349882
121.2037136925027 25.015463041055256
121.20367432717082 25.015627877294925
121.2033650447206 25.016449867480194
121.20303402175648 25.017323804925816
121.20292822333101 25.01759482528388
121.2028709850065 25.017775487037763
121.20275779974477 25.018276671892487
121.2024803921399 25.019755490208894
121.20220437276873 25.021186902661235
121.20215352070123 25.02137658460252
121.2021027303666 25.02175353185375
121.20211683399371 25.021981500327218
121.20219622871463 25.022651718891368
121.20226526434607 25.023234008402415
121.20226526449403 25.02323409868544
121.202321026315 25.023795999475443
121.20239987011546 25.024427934832325
121.20240295706007 25.024466214303132
121.20247022254166 25.024915324774934
121.2025387926406 25.025362086047284
121.20255222623612 25.02542978642895
121.20258356794977 25.025602382261518
121.20258356809796 25.025602472544456
121.20259816553671 25.025682541027937
121.2028566768994 25.02677246306068
121.20295342080897 25.027252954166265
121.2029967541818 25.027410905818623
121.2032419197387 25.028085411872908
121.20330484306376 25.02832694691851
121.20331095866898 25.028466890924253
121.20330855208962 25.028692623665535
121.20327940300491 25.02885961325455
121.20310788136953 25.02957766793661
121.20304176917713 25.029882403234353
121.20300180435952 25.030133016888875
121.20298200982558 25.030471638925846
121.20291387223824 25.031035965148263
121.20277874243628 25.032117394159854
121.20276657836911 25.03222576037193
121.20272446147983 25.032609377315204
121.20268780831162 25.033085806791604
121.20265389271253 25.03373586396266
121.20260139102263 25.03406775735416
121.20246250116887 25.034754073395725
121.20238392334291 25.03508600309515
121.20212807909992 25.03583116825916
121.2020941566037 25.03593062503702
121.20144309308714 25.03812298026499
121.20127422296872 25.03862667495593
121.20122973999457 25.038717027227296
121.20116887271568 25.03878482820889
121.2011008007085 25.038845867691176
121.20077644863001 25.038993030609582
121.20060606280529 25.03906991821653
121.20044500258345 25.039151397481703
121.2002875687932 25.03925093099181
121.20017281778729 25.039359436044766
121.20005940665989 25.039488253780576
121.19993240823483 25.03960580433731
121.199854987671 25.03964888770481
121.19962948932114 25.039816139423394
121.19938233535045 25.040037595971036
121.19930388581969 25.040101627890515
121.19924657916314 25.040148385563043
121.19890152123087 25.04043561460662
121.19883748559153 25.040516962219446
121.19879088635135 25.040614088708182
121.19874555179463 25.04073595283246
121.19864706328019 25.041097160477317
121.1985373714004 25.041456307406847
121.19850073806238 25.041600732367176
121.19848121798827 25.04176328313946
121.19849856241645 25.0419754457106
121.1985126001984 25.042063461877056
121.19857514582581 25.04222364591099
121.19900769445329 25.043114606878852
121.19902233944818 25.0431732765976
121.1990112464804 25.043238752915414
121.19895012520617 25.043353957269197
121.19885752320185 25.043514348819606
121.19881522554363 25.043593410227043
121.1988131058663 25.043647588248177
121.19881067588963 25.04366113484443
121.19880115376797 25.04373780593188
121.19881309439333 25.0439951207188
121.19880100377138 25.044202897805544
121.1987746795158 25.04440374214341
121.19868221977744 25.044805573414894
121.19862502133785 25.045124018204415
121.19860484666913 25.045286479510043
121.19848966941396 25.045896101850595
121.19845553611974 25.04622336434352
121.19844152456426 25.046406224018938
121.19843024198029 25.046659055619674
121.19842491642332 25.04700659505266
121.19841474489357 25.04723919997219
121.19841487204388 25.047318204565347
121.19841228201626 25.047435587533954
121.1984180369212 25.04755738321737
121.19842803672954 25.047625088355375
121.19842902515005 25.047629602082935
121.19844141972021 25.047661187250036
121.19849178298601 25.0477672123029
121.19857470173326 25.047886647780818
121.19866788810525 25.048035594693598
121.19869431900507 25.048103277833874
121.19870489185047 25.04817098308373
121.19869052510846 25.048234205740368
121.1986902804889 25.048234929233512
121.19869028063441 25.048235019516202
121.19866520910824 25.04835161909177
121.19865464958923 25.048444091919226
121.19862504446402 25.048791754022385
121.19862854553467 25.048985876498907
121.1986361433322 25.049134847538333
121.1986677264918 25.049254441855023
121.19870254010155 25.0493491110592
121.1987566486864 25.04949576188922
121.19877712008987 25.0495680583027
121.19877514928127 25.049613206890953
121.1987244873637 25.04972830588764
121.19861094649758 25.049985789198065
121.19854680175912 25.05015517157683
121.19852094375833 25.050240982985635
121.1983113960273 25.051493877977787
121.19810710694009 25.05271534433407
121.19807539674332 25.052873396034343
121.19802635744588 25.052981811658427
121.19679931272219 25.054786835665748
121.19649826514863 25.055222800085534
121.19577782955392 25.056379483376908
121.19628946394334 25.056911347462584
121.19647277017782 25.057075887428475
121.19669792673264 25.057235946981304
121.19722166799328 25.057614476212898
121.19753520253303 25.057826064252648
121.19761859886253 25.057882385458615
121.19791128112563 25.058089756242634
121.19813177822726 25.058247472439234
121.19834083371721 25.058407460652557
121.19843729518817 25.05850439570065
121.1985267556611 25.058619397499
121.19857825249673 25.058716211084338
121.19898160815303 25.059717906392873
121.19916015319163 25.060169125027492
121.19967435330983 25.06110520821318
121.20012329373839 25.061873977013626
121.20019273366559 25.061992797493474
121.20037195566991 25.062302706691835
121.20067050814531 25.06284179509226
121.20078209375983 25.063085431030547
121.20080299160641 25.063166665329675
121.20080992898342 25.063259113559702
121.20077935731075 25.063362900556367
121.20073935868325 25.063451078674543
121.20045601754352 25.063920976610326
121.20035285225254 25.06407912590734
121.20030180495581 25.06416045732478
121.20011849546442 25.064456318003963
121.19981807710845 25.064935358053138
121.19950306666604 25.065441232843217
121.19919490644976 25.065938249148346
121.19908115286825 25.066123498346847
121.19890633399088 25.06636517197927
121.19934973950873 25.066685202659134
121.2001579826945 25.067273176216574
121.20006089828658 25.067401971583624
121.19980987558961 25.06769106152364
121.20023157342456 25.067981863502478
121.20109371244965 25.06857201707382
121.20152098054442 25.068864884282082
121.20237233187176 25.069450529906813
121.20266282719822 25.06964877436423
121.20269171887942 25.06966679325108
121.20276774531688 25.069709577288844
121.2028597962222 25.069752340294954
121.2033349763485 25.069941211504958
121.20341834999407 25.069977213947286
121.20353952412054 25.070028965785195
121.20385537538122 25.07018202729575
121.20398909954451 25.070258591051893
121.20416328169567 25.070375821021262
121.20454416694037 25.070646080432955
121.20455661297301 25.070657349511976
121.20487857895773 25.07089608760275
121.2060550501808 25.071790907601628