120.13339269517056 23.25837520302634 92.29366895892956
120.27987321119767 23.54577886029511 194.42191865917061
120.43554345281454 23.54964866105061 195.79704374144697
120.36141102078818 23.412343446579435 147.00594149202757
120.33807330772456 23.659971446739448 235.0
120.41715136034144 23.272560252697122 97.33429477613514
120.57349440526382 23.276446778645013 98.71536311828717
120.49868916993204 23.13912483898131 49.91831760894212
120.4919565950112 23.409882192905883 146.13134047916347
120.51755575311289 23.323306209490237 115.36675753564046
120.5990935627034 23.189870795774564 67.95078036849719
120.68469693241066 23.161155093324144 57.74671943884958
120.76623474200123 23.02771967960891 10.330742271863473
120.19114995929849 23.674527400460505 466.4274020059083
120.12399162296806 23.533309342790503 409.1859575904295
120.25336699945203 23.69120104978364 393.60391705761646
120.09748575386801 23.67873135769989 608.3675776086628
120.04309794746472 23.573389088538928 571.9579769634634
120.28786591203452 23.710530497048648 364.3423260380463
120.54912195181899 23.631473806416636 236.50119125484093
120.70402514663677 23.652240967223623 856.9068184408853
120.58016892320117 23.71542108235142 1546.234630405493
120.47412631614394 23.818300711002493 2258.3593256863796
120.38819138123452 23.821609096111093 2446.0
120.3243411414345 23.730951238700374 1217.0166177784306
120.52130748898225 23.848727841200063 1356.1760832179361
120.5713602809542 23.88029452220306 2257.123750703719
120.60643966180805 23.900537380424982 1918.4000106608587
120.59340159721147 23.751888132806368 1962.7697792590461
120.71217678330342 23.651127643347998 414.6911869317198
120.59529927504212 23.756467294189882 1817.104604308166
120.66705056650541 23.696676918736824 581.9835315366649
120.7044805189218 23.73309917918497 1685.0008391243257
120.60547371858861 23.782462631646453 889.9107740968218
120.64326477111157 23.854904857124197 977.7425718365425
120.64870112894216 23.923658057880097 1421.9535583409242
120.72972534875196 23.75854904650392 1361.0156845938682
120.65266056486317 23.872912256824275 1002.772021421391
120.66338103918228 23.897434339381988 1815.508765424019
120.65389858047051 23.927034272840757 1495.884460496846
120.65126649983321 23.92540061605636 1308.022015593746
120.69013927267063 23.94927086213793 3574.0686572344985
120.75936028970287 23.79480040263666 2217.265299322571
120.76803471057904 23.88446727985547 2845.456963169665
120.75042847657137 23.92731462134267 1970.4556297349216
120.82637813352846 23.872319117183718 1798.2014687838928
120.82896413818378 23.875833750065603 1598.2013962557019
120.82902734268137 23.875917709885112 1598.1587612299818
120.84218387725353 23.895842682140053 2856.6980359528716
120.9248391140971 24.00083426173561 2282.0
120.780199816718 23.818809684092425 2275.0295678601824
120.8632989687893 23.687265170794696 543.94375345454
120.7866142031531 23.826210904526107 2284.990543442783
120.78075786470387 23.85601527780191 2897.1048645799847
120.59152802703277 23.62574779227483 236.80283693398582
120.45471601980728 23.54999091411368 197.13698129468415
120.24316836938321 23.473761861654815 168.83083853968716
120.39951141430546 23.477648387602702 170.2119068818381
120.32470617897374 23.34032644793911 121.41486137253196
120.31797360405291 23.611083801863465 217.6278842426766
120.25995015063084 23.23356616714585 83.47783329663127
120.41629319555318 23.237452693093736 84.85890163878294
120.33498597640302 23.52242040638433 186.1215440700598
120.45692154986475 23.525451598276913 187.19867136007622
120.50099160703641 23.446655043406945 159.19849102920114
120.58252941662701 23.313219629691133 111.782513862009
120.15444524269661 23.602510338024047 440.8361836153845
120.08728690636617 23.46129228035401 383.5947391998913
120.31032648911038 23.61498002989262 226.07252161075866
120.2220931880871 23.595833592406592 334.30786391456843
120.13337027883372 23.724581957993006 606.3129688809272
120.03918403924791 23.978774632037787 964.7551629147948
120.14010035118028 23.85933220882853 745.0074777697262
120.21084464509514 23.803266580016704 528.5014966268022
120.31318021004488 23.685039046934982 299.1282838984732
120.34772538679768 23.66344454979618 306.03309570853173
120.49458943576172 23.7162955342256 1386.9317996386053
120.58018164977808 23.687637667047255 1133.474519402227
120.70714257342965 23.649491692077234 822.3363208467895
120.34598725447557 23.665158071413174 271.2917935265077
120.49356744544234 23.715927759524803 1379.4101265523855
120.43690918515152 23.787373908043165 1955.4495468300076
120.34149781135086 23.664385728646103 294.6106432265989
120.34113763811438 23.66985538824317 370.20002679568825
120.41595459029143 23.806149778784203 2222.3230216121383
120.32348633956853 23.73536855107926 1278.1308942833693
120.31571293264066 23.775546553544043 1834.0
120.32465351018293 23.686779437106527 302.75001072387
120.29185684116968 23.87225320417585 515.6423465628377
120.24256332789479 23.93439243238757 1845.9623131544633
120.22214809558608 23.961621096634865 2092.096511674721
120.20758119469025 23.987721443433447 1113.8986528717617
120.36353380601024 23.834656678564688 1921.215513752091
120.31805704117966 23.873350130438755 703.0465590673721
120.53172171237951 23.775354599777284 1231.2795110873342
120.53224836706364 23.776752912350638 1465.4819228257984
120.59162011593477 23.877591518184555 2559.988032373002
120.60650298757147 23.900013681622863 1937.1910591687322
120.68085991795098 23.682738464249457 530.7972542553537
120.6335199999631 23.93922940387254 2050.5650732826634
120.64353212233922 23.95760381295338 1585.5336596988864
120.66109777230619 23.989896738409236 3318.9660060678416
120.66251332489593 23.99283135217683 3537.269924308516
120.79114418218808 23.801484797175874 2047.04005188944
120.81216430071602 23.82525934678747 2075.7543464347536
120.78881996329741 23.49636344234432 196.01753673217377
120.77337640577163 23.553192720060174 218.38653737801823
120.63656439854557 23.47743584189871 178.72068173855138
120.77058703718016 23.39684773202497 154.0139778236488
120.63210415071285 23.620268821578094 237.09144452001374
120.68046675566993 23.391273333715127 146.08726234281022
120.60996088725139 23.352232137026693 125.64552148154088
120.71096785973404 23.2379061496385 85.02003641233468
120.54644411733156 23.47186144439328 170.79396660655178
120.54897582360204 23.585025699948037 217.41962256363635
120.45181894404242 23.531227045600506 189.25096370736227
120.54618645501056 23.42868071191219 153.04706300900304
120.40702805528964 23.6506605714998 235.49047585436364
120.1720512145812 23.146734088323136 52.62224742040846
120.32839425950347 23.150620614271023 54.00331576255959
120.20347960087881 23.39589002868636 141.15925607760028
120.3598226458011 23.399776554634247 142.54032441975158
120.28501741046937 23.262454614970615 93.74327891043284
120.27828483554853 23.533211968895042 189.95630178060227
120.32291930180604 23.63023745674684 224.43409285947416
120.40445711139655 23.496802043031167 177.01811569233115
120.37660968412779 23.410922643863007 146.50106241019273
120.53295272905017 23.414809169810898 147.88213075234475
120.45814749371839 23.277487230147194 99.0850852429996
120.4274623982304 23.55879530233449 199.04728235648727
120.4169161971707 23.132829241991814 47.681191236002185
120.57325924209324 23.13671576793971 49.062259578155675
120.66178117976047 23.118924395660475 42.74013505159068
120.81277200623347 23.122677871008957 44.07392415948337
120.73986069828933 23.205202646452133 73.39891937008798
120.11475644813908 23.524638518329763 413.16462992357424
120.04759811180863 23.383420460659686 355.9231855080661
120.27063769455289 23.53710821019834 198.400967918893
120.23419566440118 23.75898619332853 496.440001916493
120.16001701828209 23.933065460279437 481.95923498915477
120.24161321331518 23.799667776224588 387.41152347543766
120.30047707762766 23.718881471181536 284.33023512870955
120.1410972405711 23.97454988568261 2056.9017581774333
120.13420779505427 23.992244497744583 1819.7878881147092
120.42367500074509 23.690776158028946 865.0134517704275
120.57341676868005 23.645785576932592 498.047123991846
120.61895620876977 23.72726314765083 1800.2647669633748
120.3934107281109 23.73130320931542 1198.2688168958032
120.36994278105125 23.76275614209783 1640.965666972087
120.34602698211198 23.79481214500582 2089.968096678574
120.60072254765213 23.77877920278687 1174.323332238279
120.60530937463707 23.756414803367267 960.4908656528269
120.60338781908082 23.76832737169894 1168.2799289006598
120.60143043822528 23.77662507803197 1213.3342225897334
120.65777028472766 23.616802770055934 237.27384998547114
120.5209582775016 23.54104589189447 197.60799434600528
120.6549809161362 23.460457782020733 172.9012904311034
120.50278585965368 23.637730512277777 236.17160213741033
120.72967620167312 23.40973625292001 156.74692570782224
120.61517318920515 23.346332528783986 123.54910882809557
120.72688683308166 23.253391264885455 92.37436615372083
120.5956535633342 23.490324363598496 181.4536299716651
120.83749498168211 23.108946154332635 39.98206069163079
