15898.804327837088 31198.497794333525 99.08816052169587
21093.351530848762 31327.64570973922 99.5024810243489
18607.923885788354 26764.485065887955 84.86336737154274
18384.23195090178 35761.65845629671 113.72727423260702
21191.39999999999 11170.900000137002 34.83745729541493
26385.94720300006 11300.047915540084 35.25177779805958
23900.51955794319 6736.887271700175 20.612664145289855
23676.827623061145 15734.060662088828 49.476571006289646
22758.599745906133 44659.60013001598 142.27283499719144
27953.146948920912 44788.74804541943 142.68715549983727
25467.719303857004 40225.58740156658 128.04804184702607
25244.027368974315 49222.76079198072 156.9119487081076
24052.49150245492 31821.090866238672 101.08550653916521
29247.038705454815 31950.238781641754 101.49982704180985
26761.611060398027 27387.078137801996 86.86071338904061
26537.91912551599 36384.251528190354 115.72462025003946
26646.757485085906 15310.368831751059 48.117321717874226
31841.304688086126 15439.51674715414 48.531642220518876
29355.877043029177 10876.356103314105 33.89252856774874
29132.185108147132 19873.529493703016 62.756435428749356
26919.26544536632 52824.06664789008 168.46532800765345
32113.812648351526 52953.2145632928 168.8796485102969
29628.385003301766 48390.05391946594 154.2405348575691
29404.69306842035 57387.22730982884 183.10444171848624
30460.88525024893 43142.16956011117 137.40475335228786
35655.4324532637 43271.31747551462 137.81907385493366
33170.00480819979 38708.15683166181 123.17996020212254
32946.312873317125 47705.33022207591 152.04386706320398
32102.11497017183 19449.837663365135 61.39718614033358
37296.66217321634 19578.985578769327 61.81150664298178
34811.234528138215 15015.824934890385 47.17239299008684
34587.54259325425 24012.998325356 76.03629985133352
32206.178677060714 32443.6839381429 103.08285255663161
37400.72588007551 32572.831853546362 103.49717305927747
34915.2982350116 28009.67120969352 88.85805940646625
34691.6063001289 37006.844600107666 117.72196626754783
34769.79336297553 51558.31441704465 164.40465773767133
39964.34056602043 51687.46233244886 164.8189782403196
37478.91292094211 47124.30168856957 150.17986458742354
37255.22098605813 56121.47507903587 179.04377144867243
37557.47245527531 23589.306494992532 74.67705056283567
42752.01965826056 23718.454410395258 75.09137106547917
40266.59201321079 19155.293766568375 60.452257412751244
40042.90007832937 28152.467156931332 89.3161642736686
37891.69763795969 41271.54827248608 131.40359762532438
43086.24484100453 41400.69618789028 131.8179181279726
40600.81719592624 36837.535544011036 117.1788044750767
40377.12526104227 45834.708934477225 146.04271133632525
39798.62362218335 49026.643670686535 156.28278373848173
44993.17082522817 49155.79158609073 156.69710424112992
42507.74318014989 44592.63094221152 142.05799058823413
42284.05124526592 53589.80433267765 170.9218974494825
40359.865851681185 33066.27701004825 105.0801985741016
45554.41305469627 33195.42492545172 105.49451907674748
43068.985409632216 28632.26428159861 90.85540542393541
42845.29347474952 37629.43767201328 119.71931228501865
45322.51002569441 39400.926984854945 125.40244189834155
50517.0572287393 39530.074900259155 125.81676240098979
48031.62958366098 34966.91425637987 111.17764874809376
47807.937648777006 43964.08764684614 140.04155560934257
45810.126057787464 29851.334686380345 94.76631533906614
51004.67326071315 29980.48260178159 95.1806358417049
48519.24561569188 25417.321958007014 80.54152218914477
48295.55368081301 34414.495348266835 109.40542904973125
47382.29129193754 50970.19769104789 162.5179155725486
52576.83849492265 51099.3456064506 162.93223607519207
50091.41084987293 46536.184962623825 148.29312242246448
49867.718914991536 55533.35835298659 177.15702928338118
51250.73547136712 33897.87378669998 107.74805111685961
56445.28267447116 34027.02170210565 108.16237161951256
53959.85502936454 29463.86105817441 93.52325796644985
53736.16309447802 38461.034448743136 122.38716482802732
54965.95896164075 52913.75171139618 168.7530474065736
55713.458135697845 52932.336191683375 168.81266843251075
57675.078519575996 48479.73898297241 154.52825425649038
51975.84950766959 57163.34693799392 182.38620923365357
56147.251107752716 36675.92330495901 116.66033490544739
61341.7983108566 36805.071220364676 117.0746554081003
58856.370665750044 32241.91057643357 102.43554175503802
58632.678730863554 41239.08396700203 131.29944861661465
61576.882078842376 41814.986070042585 133.14700494813692
65449.30160840818 41911.26297162136 133.45587167765936
64286.00163671581 37380.9733417199 118.92221179837806
60975.06573827016 46976.14320175631 149.7045561123626
64959.449334307385 34457.55406976914 109.54356609267452
70153.99653741156 34586.70198517481 109.95788659532748
67668.56889230484 30023.541341243465 95.31877294226442
67444.87695741834 39020.71473181241 124.18267980384259
15898.800067227585 31198.49996541029 99.08820300391969
12950.953296469537 35476.7637027483 180.6897344938111
10719.59629355343 30784.136402701635 163.51730116918816
18130.157097721803 35891.12725830755 116.26063589235054
7727.21233194213 30573.825036239345 201.03203731278933
4779.365561180342 34852.08877357868 282.6335688027435
2548.0085582649535 30159.46147352812 265.4611354780722
9958.569362435634 35266.45232914051 218.20447020126846
22758.599745906133 44659.60013001598 142.27283499719144
19810.752975144438 48937.863867355176 223.874366487143
17579.395972229122 44245.23656730477 206.70193316247236
24989.956776399566 49352.22742291698 159.44526788567003
26919.20000703378 52824.099993270065 168.4659804884507
23971.353236288876 57102.36373058491 250.06751197793758
21739.99623338627 52409.73643056123 232.8950786533647
29150.557037514496 57516.727286144334 185.63841337683144
19236.594228585043 54062.164927421516 282.47799024254726
16288.747457823416 58340.42866476064 364.07952173249726
14057.39045490813 53647.801364710314 346.9070884078269
21467.95125907844 58754.792220322444 299.65042313102555
37443.70001180046 73608.29999112892 236.0328907228207
37443.60964975346 73608.43113521444 236.035392101623
32264.496238152635 73193.93642842006 300.4619888877385
37488.12215615845 73563.60074043609 235.0
37443.7000921173 73608.30004287735 236.03410370644474
37443.73884992244 73608.30101235575 236.03238681512494
37488.12215615845 73563.60074043609 235.0
34929.84291186756 78155.85099720239 253.42362633363803
38371.19978406497 74142.40018875246 271.5672271333501
38371.40433589772 74142.5602951024 271.57349091317957
42714.38324169614 76989.22605028437 451.40039469407105
43326.82202979717 75664.996823943 623.0037716094948
45444.298320778325 78222.88814928752 611.5299874711488
49534.888655827315 81424.66580556268 736.7919168674989
49516.70652062694 81447.90318269139 733.0597718864469
50616.317624205956 78288.54621410635 1107.4184264081068
52413.385769124405 82243.37185685738 946.4935389723191
56503.976104219895 85445.14951316893 1071.7554683700935
65582.83015052976 83675.11710955022 2102.0
57340.3573176507 80708.58337699344 1554.256389991016
38371.1996394157 74142.40084092066 271.56039661426985
38371.1996394157 74142.40084092066 271.56039661426985
42714.38324163473 76989.22605024412 451.4003946915291
37488.12215615845 73563.60074043609 235.0
37514.20001030725 73647.79962100965 245.3980430487145
37514.22602125765 73647.80027127037 245.39803593130955
37488.12215615845 73563.60074043609 235.0
40000.016951286394 78176.81516231656 801.0349414980349
37476.09999981762 73626.00001980421 242.79384116320608
37507.69848320826 73626.7453187117 242.79790085849254
37488.12215615845 73563.60074043609 235.0
39032.82112595228 78546.11685606142 850.304872666867
37476.09531320127 73625.99733248685 242.8080976438132
37476.077000218196 73625.86722454577 242.77739094123626
37488.12215615845 73563.60074043609 235.0
34929.9875264993 78155.59140608028 253.42258488128664
52835.19710873409 96163.30103682897 2369.711753721373
53072.76815663656 93879.67487538002 2629.5938892588874
55250.131354802186 97033.45066140755 2887.0
47862.21005577426 95173.93147963325 1233.689020337752
54473.69951397716 95908.80072051387 2795.2052833984303
55515.99932205482 95937.92644515158 2692.25030409423
56646.10982209691 91281.24127681465 1864.4383698570518
55250.131354802186 97033.45066140755 2887.0
59280.79700816929 86205.19407006164 1276.5746659373845
62106.98181140095 85652.97780419175 2386.9250008457675
64067.62475631278 84283.42580553454 1903.541049073456
61996.27435981123 85715.97362441735 2396.0
57788.90526532791 95502.20057393188 1394.3734901529479
58830.71278261932 95541.23464922281 1727.983832427125
60295.124967397016 90995.99627287444 2037.013049382051
57811.95815857868 98703.24235538974 1513.0
59648.317104245005 86328.16565329408 1668.4700413532046
61773.38182955885 86407.78682621634 2348.9638548456555
61996.27435981123 85715.97362441735 2396.0
60135.786973390284 91490.54908573546 2003.3885712256208
57788.90630080955 95502.1995400868 1394.4011888722807
55906.99149018477 94326.82077875984 2405.8464675143687
57605.789910873034 90310.44604707221 1284.110410103496
55250.131354802186 97033.45066140755 2887.0
63107.002430709006 88054.99860464812 2482.256537840587
67068.24829869864 88131.73181408136 1025.8761026867542
67034.53104132743 87478.53152362106 899.0
65774.46457624128 92514.03904049486 2442.2053877353355
66123.19952551136 94406.40009233655 2716.4536065800603
61873.02409642491 91456.46732065342 2232.8158651693225
63895.428193757696 89715.22639713781 2543.467320218492
61476.66530814301 96634.18722801688 2048.1092003795125
61912.83350055316 87472.92046543896 2340.04069672681
61518.41157285637 87199.16278418642 2295.1584716382454
61996.27435981123 85715.97362441735 2396.0
59892.83557374239 92244.62094934453 1952.119480752511
72295.3249115409 92944.59970034737 1550.313225142861
70071.3867730937 92959.1727882355 955.2121809914784
69605.10592714316 88500.34221902468 1444.0246820707519
72328.96823383204 97033.45066140755 997.0
67386.20046627201 94291.79972857419 2222.4012734770645
67386.22215766428 94291.80037328863 2222.3934687838473
68046.973195754 89305.69512297919 917.7402980763043
71658.97508123305 97085.43876996759 1253.3925042475491
70175.1275657594 94036.470775995 1146.8408566606213
70676.58252496806 94051.37508688166 966.4143506512955
68045.18220564107 89302.46290677125 917.7071468602865
72328.96823383204 97033.45066140755 997.0
75391.6999291362 93327.99995551046 1204.8595655997349
77295.33812286225 93369.1582000746 890.1034524782539
78122.43557925175 88907.25005774156 1212.1498347092784
76000.91530118835 94621.52932565585 973.0
72302.49989677643 93808.59985367277 1433.39891242841
73847.91946431858 90050.11275552749 1792.4049686387407
76000.91530118835 94621.52932565585 973.0
72260.14297759945 88659.55340424522 2130.1962658449447
77739.50033053104 92939.40060824632 861.654971974048
77739.52535300149 92939.40120563367 861.6571154581945
81466.13672632689 89333.85562804554 623.0
80164.75683119483 97449.78418103076 1741.7520858228906
80692.95650327444 92440.0271015303 1028.6000540573907
81800.84858584263 92466.47695623898 1123.5047166306442
81466.13672632689 89333.85562804554 623.0
82317.19586970955 97299.05300100925 1895.6143495809647
93055.80019580266 74678.69962670768 526.58159253404
94544.93443769244 73214.63997757949 293.29370683070977
96922.45089329258 74584.02899786986 306.0
89914.50957664501 70547.63300521453 268.5470702115352
85618.39983174141 91446.7002024737 2351.6774012288715
86261.09281759648 91462.89216360931 2311.327469499296
88301.24006709983 87026.97233860398 1833.629258354907
85906.62715934752 92024.07557946107 2378.0
85618.39178074071 91446.70339270339 2351.6955957800174
85126.81233766433 91551.63375724672 2069.796428187995
82274.52109585906 87577.45609838031 1431.1228307999677
81466.13672632689 89333.85562804554 623.0
83061.14288238435 98602.57519435305 2296.8218865634376
82379.2409979274 97879.74318703043 1988.3922970427257
84474.14484446013 93605.37241373344 2119.650149335218
82576.25950506219 99723.6706128235 2283.0
81999.79913772919 92210.15713384052 1154.7731383485382
81744.55210675253 91939.58928827586 1039.3228972142074
81466.13672632689 89333.85562804554 623.0
82321.79933713682 97342.13758207893 1902.4980529655236
83061.19700083004 98602.59883614692 2296.8408166149925
86038.21780220367 94359.81418739702 2665.79281538874
86931.35545807316 97497.28168751368 3251.0
85123.87349192497 93833.75152988588 2355.6716548668546
83879.19985851501 99057.60016606808 2572.6010185049645
86353.18242547817 99135.23506372231 2964.375872577604
86931.35545807316 97497.28168751368 3251.0
84571.05804291142 104183.96007282131 2080.903594704713
86104.90234862674 100229.99075575797 2778.4124348876953
85995.86853024687 100147.49863892503 2787.24069389777
86931.35545807316 97497.28168751368 3251.0
86931.35545807316 97497.28168751368 3251.0
86104.87442421708 100229.97917182437 2778.394286539862
90593.6046486136 99310.52107785101 1515.0589646240255
86613.75032923419 105169.38966796859 1247.6202139420134
86931.35545807316 97497.28168751368 3251.0
89184.09891351321 101590.9983100429 1403.6791459638996
89130.25448506064 101464.76483190901 1416.7245764417082
92009.60412751308 97235.06347762758 1609.4752133250117
86171.41594600168 105820.56401161998 1217.8961724716066
89286.0997118449 101639.00026066363 1405.479474182649
89229.63891067295 101520.53577813627 1407.0168070133368
92021.2447882117 97225.71154675685 1610.0867598201362
86367.32986410992 105932.94571054674 1198.5614909438348
89286.13301264585 101639.01728186535 1405.4014751131947
91608.58793917301 101668.21413726069 2531.6368579914865
92103.3985733642 97280.53073805137 1663.4902201101406
87443.43213789334 106485.92350797671 1739.996026743294
90941.09786557674 102440.00319629045 2404.8006812595895
96123.2958547286 102603.97572215476 2748.220267081273
94313.64777151325 98539.35348369062 3045.7678812756603
93422.03643621026 106995.63046337957 2102.8006613407715
86381.89996209244 91271.70003931623 2288.609467537027
91564.00673212788 91400.49234751347 1929.19054033005
89142.87508581618 86900.50825028609 1769.2842229873227
91539.28355488022 91814.28350680228 1961.5045033638587
93905.16111035911 89549.28563877131 1625.8262398632855
99087.26788039441 89678.07794696852 1266.4073126563178
96584.30622750237 85127.22413008052 1108.5705443181464
98697.75936832759 91547.66126455582 1432.185345631427
93357.90000031491 72530.99999551481 286.9504244484484
98552.44775634861 72660.10230986429 284.46040989114556
98553.86423851374 72575.09245533659 283.56105822600387
98183.67400679029 74457.55748400366 303.72777321287566
101981.00001412537 87636.30016249971 2127.8887966048624
101716.24784991152 87643.23537994809 2125.7173054310097
99971.66315069268 82890.65786273437 1463.4758720354334
102473.05491153801 89704.92044893048 2413.0
100075.8879869423 88136.51554658475 1082.403457138846
99837.18691002703 82954.15811590968 1375.9903294481066
102473.05491153801 89704.92044893048 2413.0
98899.9391060557 83083.46920407267 792.8056585409558
102216.9999999214 10413.899999812973 40.3488466173816
99625.93806934776 10478.331567062944 36.23593296838312
101017.14646110951 5358.22459015867 18.04105538097752
99731.56641456169 14977.05906772409 54.46315280064373
101192.52050773158 17597.258436569744 67.44025640469509
97667.80549640978 17684.907021734485 61.84531160316903
98967.48600174663 12901.652936633136 44.84747875700897
98707.08692248566 22160.41750427196 81.55456258731112
100168.041015564 24780.616873170602 94.53166619142058
95709.67292351431 24891.482476249585 87.45469023739902
97458.93454368973 20346.629710193967 72.17182397692386
97682.60743020411 29343.77594108205 108.64597237468377
99143.56152337644 31963.97530991162 121.6230759786747
93949.02144438527 32093.147196728773 113.3775398380461
96434.45505162662 27529.988147138713 99.2632337652053
96658.12793813075 36527.134377613445 135.73738216128956
99122.19999929133 70303.79999831489 275.407420015476
93927.65991958685 70432.97188514979 267.1618838737151
96413.0935271695 65869.81283493308 253.04757779893603
93957.17758370379 70871.69262433954 268.9718426397248
98119.08203120893 39147.3337465119 148.71448576539802
92924.54195197971 39276.50563333495 140.46894962439143
95409.97555933497 34713.346583535764 126.3546435509038
95633.64844584934 43710.49281442285 162.82879194865967
97094.6025390168 46330.69218328482 175.80589555277243
91900.06246002507 46459.864070101976 167.56035941214287
94385.4960672667 41896.70502051141 153.4460533393005
94609.16895377084 50893.85125098715 189.92020173538884
96070.12304684923 53514.05061988556 202.89730533949745
90875.58296761988 53643.22250670865 194.65176919849085
93361.01657497516 49080.06345690935 180.53746312500277
93584.68946148959 58077.20968779663 217.01161152275955
95045.64355466171 60697.40905662623 229.98871512675026
89851.10347543294 60826.5809434493 221.74317898574452
92336.53708278795 56263.42189365051 207.6288729122581
92560.20996930235 65260.56812453679 244.10302131001072
86855.91831741693 60996.42427289678 217.37137846250764
85892.92240184665 61020.37095489748 215.84277005745813
87305.9835950024 55819.83844178676 197.36209125676174
84624.3929729083 65688.97877668527 232.4331944771433
86062.90000947194 60394.70000128423 213.6193628512351
81517.27772253082 57877.325095706205 201.7196061605194
85970.22235425051 55199.41002835456 194.30759498674905
81609.95538755754 63072.61509538849 221.03137412971842
79650.41486893053 55528.979331671435 191.95956588273364
75104.79258157287 53011.60442586274 180.05980919092752
79557.7372137006 50333.68935826567 172.64779801647788
75197.47024660808 58206.894426021114 199.3715771618962
90381.30000022422 36885.70000147187 128.90860295523112
85835.67771286628 34368.325095662985 117.0088462634242
90288.6223449943 31690.41002806578 109.59683508897419
85928.35537790148 39563.61509582169 136.3206142343941
72319.1844670221 57361.05265603695 194.61015060408096
67773.56217987239 54843.67775034341 182.71039391281923
72226.50681179641 52165.762682868866 175.2983827387087
67866.23984490338 60038.96775026411 202.02216188290447
83599.20659884933 36367.86482858862 123.15804303976047
79053.5843114914 33850.48992277976 111.2582863479536
83506.52894361939 31172.574855182545 103.84627517350357
79146.26197652661 39045.77992293844 130.57005431892344
71412.67919655418 49278.27935289468 164.1345217331904
66867.05690898781 46760.9044469704 152.234765040838
71320.00154131997 44082.989379250386 144.82275386604803
66959.73457402729 51956.194447367314 171.54653301269335
76817.11319747404 35850.02965570534 117.40748312428947
72779.15184619204 33613.79841304051 106.83670654551126
76724.43554223985 30654.739682061114 98.09571525714732
72364.16857494722 38527.94475017792 124.81949440379225
64833.98294193863 55442.73833987197 183.27073159147437
60288.360654997494 52925.363434293955 171.3709749007587
64741.305286717165 50247.44836694226 163.9589637269882
60381.03832002423 58120.65343397626 190.6827428699578
65000.19405546986 44412.558682869894 142.47472476285506
63818.03302900779 43757.87549220593 139.3800046791916
67338.73173342728 39772.408971924786 126.59419635388836
60683.96550306761 47305.67161041834 150.76171894372862
57348.78141704987 53524.42402375688 171.9313125791627
55899.45604820399 52721.78467467771 168.13719635782718
59405.6518720933 48752.73556175045 155.4040568537415
52895.83679493108 56202.33911798404 179.34332385798615
15898.804327837088 31198.497794333525 99.08816052169587
33213.96167119822 31628.99084568557 100.46922886387175
24929.202854335497 16418.455366191116 51.67218335454923
24183.563071380748 46409.03333420104 147.8852062247017
32528.129326396047 51919.74122615668 165.56415409309585
49843.28666976023 52350.23427750106 166.94522243524716
41558.52785288935 37139.6987980078 118.14817692592845
40812.88806994787 67130.27676602302 214.36119979609788
33908.25614376724 20820.318903876418 65.79383841816151
51223.41348712237 21250.81195522058 67.17490676031211
42938.65467025581 6040.276475735268 18.37786125101892
42193.01488731473 36030.85444373478 114.59088412113798
51974.79101235242 33953.16067149676 107.92541743227527
69289.94835572601 34383.653722841365 109.3064857744273
61005.189538850624 19173.118243339843 60.5094402650821
58201.791804538174 50115.51732672269 159.77600837998952
15898.800067227585 31198.49996541029 99.08820300391969
6072.644164707063 45459.37908986118 371.09330797005
-2.1414577463433148E-12 24327.69381081098 241.14174294485323
23336.65683553687 46840.590941724455 156.32964596531926
16847.19808626546 54447.220162964244 317.93729456462154
7021.042183731841 68708.0992874205 589.9423995309786
4.2829154926866295E-12 50429.954385217796 500.94634750128057
24285.054854572838 70089.31113929242 375.17873752618584
37443.70001180046 73608.29999112892 236.0328907228207
37443.60964975346 73608.43113521444 236.035392101623
20179.687432904302 72227.0881154271 450.7965512734187
37488.12215615845 73563.60074043609 235.0
37443.7000921173 73608.30004287735 236.03410370644474
37443.73884992244 73608.30101235575 236.03238681512494
37488.12215615845 73563.60074043609 235.0
38371.19978406497 74142.40018875246 271.5672271333501
38371.40433589772 74142.5602951024 271.57349091317957
54716.43889311266 79764.21356520354 1379.887049701236
38371.1996394157 74142.40084092066 271.56039661426985
38371.1996394157 74142.40084092066 271.56039661426985
52848.50564064446 83631.77712355631 871.0174117388337
37488.12215615845 73563.60074043609 235.0
37514.20001030725 73647.79962100965 245.3980430487145
37514.22602125765 73647.80027127037 245.39803593130955
37488.12215615845 73563.60074043609 235.0
45800.25648018528 88744.51809193713 2097.5210378680586
37476.09999981762 73626.00001980421 242.79384116320608
37507.69848320826 73626.7453187117 242.79790085849254
37488.12215615845 73563.60074043609 235.0
42598.37965173151 90047.03267415866 2270.5851846189607
37476.09531320127 73625.99733248685 242.8080976438132
37476.077000218196 73625.86722454577 242.77739094123626
35011.68700020591 86365.33706096617 1834.0
37488.12215615845 73563.60074043609 235.0
52835.19710873409 96163.30103682897 2369.711753721373
53072.76815663656 93879.67487538003 2629.5938892588865
51663.57315941134 91838.54316901878 2463.0
51663.57315941134 91838.54316901878 2463.0
54473.69951397716 95908.80072051387 2795.2052833984303
55515.99932205483 95937.92644515158 2692.2503040942293
57726.563938448635 86829.16808707229 1073.0
55250.131354802186 97033.45066140755 2887.0
59280.79700816929 86205.19407006164 1276.5746659373845
62106.98181140095 85652.97780419175 2386.9250008457675
65582.83015052976 83675.11710955022 2102.0
61996.27435981123 85715.97362441735 2396.0
57788.90526532791 95502.20057393188 1394.3734901529479
58830.71278261932 95541.23464922281 1727.983832427125
61996.27435981123 85715.97362441735 2396.0
57811.95815857868 98703.24235538974 1513.0
57788.90630080955 95502.1995400868 1394.4011888722807
55906.99149018477 94326.82077875984 2405.8464675143687
57726.563938448635 86829.16808707229 1073.0
55250.131354802186 97033.45066140755 2887.0
63107.002430709006 88054.99860464812 2482.256537840587
67068.24829869864 88131.73181408136 1025.8761026867542
67034.53104132743 87478.53152362106 899.0
67546.89602444961 97404.51548229253 2827.0
66123.19952551136 94406.40009233655 2716.4536065800603
60462.246633155126 90477.2845217575 2072.280085563721
61996.27435981123 85715.97362441735 2396.0
57811.95815857868 98703.24235538974 1513.0
72295.3249115409 92944.59970034737 1550.313225142861
70071.3867730937 92959.1727882355 955.2121809914784
67034.53104132743 87478.53152362106 899.0
72328.96823383204 97033.45066140755 997.0
67386.20046627201 94291.79972857419 2222.4012734770645
67386.22215766428 94291.80037328863 2222.3934687838473
67034.53104132743 87478.53152362106 899.0
72328.96823383204 97033.45066140755 997.0
75391.6999291362 93327.99995551046 1204.8595655997349
77295.33812286225 93369.1582000746 890.1034524782539
81466.13672632689 89333.85562804554 623.0
76000.91530118835 94621.52932565585 973.0
72302.49989677643 93808.59985367277 1433.39891242841
73847.91946431859 90050.11275552747 1792.4049686387418
76000.91530118835 94621.52932565585 973.0
72243.57410293022 86643.6356766296 2403.0
77739.50033053104 92939.40060824632 861.654971974048
77739.52535300149 92939.40120563367 861.6571154581945
81466.13672632689 89333.85562804554 623.0
82576.25950506219 99723.6706128235 2283.0
93055.80019580266 74678.69962670768 526.58159253404
94544.93443769243 73214.63997757947 293.2937068307092
96922.45089329258 74584.02899786986 306.0
84198.74644016851 67255.4987853924 238.0
85618.39983174141 91446.7002024737 2351.6774012288715
86261.09281759648 91462.89216360931 2311.327469499296
94561.20061666617 76714.27398892112 624.8502582390527
85906.62715934752 92024.07557946107 2378.0
85618.39178074071 91446.70339270339 2351.6955957800174
85126.81233766433 91551.63375724672 2069.796428187995
80441.4079088265 81077.66336335582 1879.0
81466.13672632689 89333.85562804554 623.0
83061.14288238435 98602.57519435305 2296.8218865634376
82379.24099792741 97879.74318703043 1988.39229704273
85906.62715934752 92024.07557946107 2378.0
82576.25950506219 99723.6706128235 2283.0
83061.19700083004 98602.59883614692 2296.8408166149925
86279.54530540836 94015.8795311643 2695.701328162773
86931.35545807316 97497.28168751368 3251.0
85906.62715934752 92024.07557946107 2378.0
83879.19985851501 99057.60016606808 2572.6010185049645
86353.18242547817 99135.23506372231 2964.375872577604
86931.35545807316 97497.28168751368 3251.0
82576.25950506219 109835.18698193766 1092.0
86104.90234862674 100229.99075575797 2778.4124348876953
85995.86853024685 100147.49863892501 2787.2406938977715
86931.35545807316 97497.28168751368 3251.0
82576.25950506219 109835.18698193766 1092.0
86104.87442421708 100229.97917182437 2778.394286539862
90593.6046486136 99310.52107785102 1515.058964624021
83003.2297746644 110484.55041848605 1005.0
86931.35545807316 97497.28168751368 3251.0
89184.09891351321 101590.9983100429 1403.6791459638996
89130.25448506064 101464.76483190901 1416.7245764417082
92140.38938922028 97033.45066140755 1619.0
83003.2297746644 110484.55041848605 1005.0
89286.0997118449 101639.00026066363 1405.479474182649
89229.63891067295 101520.53577813627 1407.0168070133368
92140.38938922028 97033.45066140755 1619.0
83174.0178778194 110855.615239371 966.0
89286.13301264585 101639.01728186535 1405.4014751131947
91608.58793917301 101668.21413726069 2531.6368579914865
92140.38938922028 97033.45066140755 1619.0
83344.80597829045 111226.68006025598 961.0
90941.09786557674 102440.00319629045 2404.8006812595895
97926.22612801875 102661.02314324665 2867.6988298484216
95214.57206005148 97497.28168751368 3217.0
102473.05491153801 111319.44626547713 2282.0
86381.89996209244 91271.70003931623 2288.609467537027
98212.59529763542 91565.73152640434 1468.059831199766
95585.221386054 76701.10580118277 557.5235906017936
100850.57101308172 91467.4783481338 1273.0
93357.90000031491 72530.99999551481 286.9504244484484
93358.0118970046 72531.00277653102 286.95037081059587
102473.05491153801 74027.43176654221 296.0
96922.45089329258 74584.02899786986 306.0
101981.00001412537 87636.30016249971 2127.8887966048624
101716.24784991152 87643.23537994809 2125.7173054310097
96922.45089329258 74584.02899786986 306.0
102473.05491153801 89704.92044893048 2413.0
100075.8879869423 88136.51554658475 1082.403457138846
99814.54768909668 82462.64573427643 1403.8351056441388
102473.05491153801 89704.92044893048 2413.0
96922.45089329258 74584.02899786986 306.0
102216.9999999214 10413.899999812973 40.3488466173816
99625.93806934776 10478.331567062953 36.23593296838316
102473.05491153801 0.0 -1.0
95325.76139397694 26304.40387072814 92.47566576176342
99122.19999929133 70303.79999831489 275.407420015476
92845.86644793626 70459.8726890236 265.44470255803583
90091.84509294563 55523.84278823227 200.8746126330107
84198.74644016851 67255.4987853924 238.0
98603.32996821417 35751.92512165647 135.90899829582543
92718.97209210724 35898.2506091887 126.56848213962795
97454.56534139076 18469.701314188693 64.63416663039982
90318.55135032607 50962.45534806813 182.9566855734937
86062.90000947194 60394.70000128423 213.6193628512351
70910.82571842453 52003.4503153354 173.95350721226038
85753.97449204177 43077.06675676386 149.24680329766448
71049.27920605765 69031.28708278136 237.15547260806284
78695.53906883733 35993.453658926606 119.00020676885839
73311.15185604291 33011.56902448526 104.90468943013754
84946.41673372267 19840.331574832024 62.64993290882517
63852.3903277824 44919.837306746886 143.70691103270053
60413.22884176199 54309.783422065746 176.57367969172037
56440.286082947816 52109.5596086906 166.17311202646385
68174.93370828372 38825.81988413951 123.55743602039739
46005.00758456421 63922.400347635594 204.069984750621
