0.15 0.32 -0.914191
0.166981 0.342442 -0.912459
0.223049 0.407403 -0.879265
0.279653 0.473166 -0.846827
0.354983 0.549668 -0.749091
0.360439 0.554899 -0.739199
0.369325 0.563598 -0.73057
0.47271 0.656714 -0.585097
0.534752 0.719254 -0.417857
0.54828 0.726806 -0.364688
0.609944 0.785612 -0.252987
0.608728 0.782671 -0.185089
0.59665 0.764876 -0.000736846
0.592763 0.759379 0.0166927
0.589987 0.755454 0.0292976
0.592866 0.76631 0.128319
0.584784 0.753364 0.200931
0.577746 0.742445 0.271559
0.544938 0.690418 0.439303
0.53 0.62 0.562245
