50119.2 59265.0 189.129 34933.6 68550.8 218.918 
31571.6 61953.4 197.753 69585.2 37229.4 118.436 
53612.9 55310.2 176.441 57169.8 45346.0 144.475 
26977.3 52938.0 168.831 47609.0 17349.1 54.6579 
53771.8 55130.3 175.864 45159.9 46804.3 149.153 
47040.2 62750.5 200.31 28835.9 26332.6 83.4779 
34933.6 68550.8 218.918 17738.1 79064.7 551.171 
9540.23 76281.7 631.98 31571.6 61953.4 197.753 
17246.2 69725.0 464.72 26977.3 52938.0 168.831 
28815.5 87101.9 338.824 30678.9 85786.5 284.037 
35593.2 76965.0 248.646 4385.82 108876.0 964.755 
47741.7 77254.0 916.391 52280.4 71566.0 235.95 
44551.2 76105.6 704.366 51180.2 71714.5 235.879 
45986.6 76622.3 799.758 47583.7 72200.2 235.648 
76271.7 68326.0 237.491 58050.2 80964.1 1601.43 
74875.4 75478.9 1171.55 68505.6 69374.8 236.992 
55762.6 80140.7 1449.41 51499.5 71671.4 235.9 
39196.6 73332.9 235.11 38557.1 73948.3 306.039 
46182.4 79262.4 594.998 47741.7 77254.0 916.391 
42984.0 77166.0 462.565 44551.2 76105.6 704.366 
45280.1 78671.0 557.637 45986.6 76622.3 799.758 
58050.2 80964.1 1601.43 53595.0 84121.1 901.927 
58934.9 86344.1 1231.26 55762.6 80140.7 1449.41 
38557.1 73948.3 306.039 38364.6 74138.1 271.293 
44018.3 81982.2 1261.36 46182.4 79262.4 594.998 
41194.7 78342.1 817.569 42984.0 77166.0 462.565 
44080.7 82062.7 1271.18 45280.1 78671.0 557.637 
53595.0 84121.1 901.927 48434.3 87675.4 1955.45 
38364.6 74138.1 271.293 38117.8 74375.3 333.963 
41206.5 85557.6 1716.17 44018.3 81982.2 1261.36 
39352.9 79578.4 977.788 41194.7 78342.1 817.569 
41975.0 88036.4 2022.29 44080.7 82062.7 1271.18 
48434.3 87675.4 1955.45 43038.8 91467.5 2446.0 
38117.8 74375.3 333.963 37827.5 74658.4 370.205 
38718.5 88721.5 2116.62 41206.5 85557.6 1716.17 
35872.6 81915.0 1278.13 39352.9 79578.4 977.788 
41181.7 90287.1 2304.42 41975.0 88036.4 2022.29 
37827.5 74658.4 370.205 37148.1 75321.3 454.545 
30678.9 85786.5 284.037 35872.6 81915.0 1278.13 
37148.1 75321.3 454.545 35593.2 76965.0 248.646 
32369.6 97077.1 515.649 33192.6 95988.1 622.561 
26910.3 103960.0 1845.91 32369.6 97077.1 515.649 
24649.3 106976.0 2092.01 26910.3 103960.0 1845.91 
24089.6 108077.0 1632.32 24649.3 106976.0 2092.01 
23036.0 109867.0 1113.87 24089.6 108077.0 1632.32 
33192.6 95988.1 622.561 38718.5 88721.5 2116.62 
40307.9 92912.7 1921.21 41181.7 90287.1 2304.42 
38468.4 98501.0 854.899 40307.9 92912.7 1921.21 
43038.8 91467.5 2446.0 35271.3 97198.6 703.042 
58993.2 86498.9 1465.48 58934.9 86344.1 1231.26 
60742.8 89606.5 2131.48 58993.2 86498.9 1465.48 
65568.7 97668.4 2559.98 60742.8 89606.5 2131.48 
67217.0 100152.0 1937.18 65568.7 97668.4 2559.98 
75452.1 76085.4 530.795 74875.4 75478.9 1171.55 
80441.4 81077.7 1879.0 75452.1 76085.4 530.795 
68361.8 101835.0 1398.12 67217.0 100152.0 1937.18 
70209.4 104496.0 2050.54 68361.8 101835.0 1398.12 
71318.0 106531.0 1585.55 70209.4 104496.0 2050.54 
73263.5 110108.0 3318.83 71318.0 106531.0 1585.55 
73420.2 110433.0 3537.28 73263.5 110108.0 3318.83 
73442.5 110479.0 3529.34 73420.2 110433.0 3537.28 
89994.2 91871.8 2075.75 87666.2 89238.4 2047.04 
93342.7 95706.9 1602.98 89994.2 91871.8 2075.75 
94972.1 55253.4 208.023 85698.4 61736.2 218.387 
89284.8 35316.1 122.471 50119.2 59265.0 189.129 
52280.4 71566.0 235.95 72735.4 45691.1 151.584 
51180.2 71714.5 235.879 71403.3 58214.5 197.257 
69585.2 37229.4 118.436 77387.7 32154.6 104.031 
47583.7 72200.2 235.648 53612.9 55310.2 176.441 
85698.4 61736.2 218.387 76271.7 68326.0 237.491 
68505.6 69374.8 236.992 53771.8 55130.3 175.864 
51499.5 71671.4 235.9 47040.2 62750.5 200.31 
47762.7 65016.1 209.117 39196.6 73332.9 235.11 
59419.4 48737.1 155.354 56350.0 36507.2 116.119 
39944.0 25074.7 79.4424 22581.7 44312.5 141.159 
81986.5 23190.9 73.399 83853.8 14766.5 46.3726 
19101.0 16714.6 52.6223 91331.5 12612.4 39.4619 
33534.8 65805.8 210.112 48849.0 28870.7 91.6203 
35809.8 70270.1 224.434 49310.1 16903.9 53.2294 
22581.7 44312.5 141.159 13260.0 54641.2 367.349 
25179.1 85960.5 521.317 33534.8 65805.8 210.112 
34118.4 76957.4 313.382 35809.8 70270.1 224.434 
17768.2 103813.0 481.958 25179.1 85960.5 521.317 
33324.3 80088.8 284.331 34118.4 76957.4 313.382 
15672.8 108408.0 2057.01 17768.2 103813.0 481.958 
14909.8 110368.0 1819.82 15672.8 108408.0 2057.01 
50926.4 71748.8 235.863 46968.6 76975.7 865.017 
70511.8 74879.0 1011.76 71850.3 68923.1 237.207 
72894.9 68782.0 237.274 68596.2 81017.2 1800.27 
69333.3 71684.2 561.802 69436.6 69249.1 237.052 
46968.6 76975.7 865.017 45577.3 78865.7 569.942 
45577.3 78865.7 569.942 43616.8 81464.7 1198.27 
43616.8 81464.7 1198.27 41017.7 84948.6 1640.97 
41017.7 84948.6 1640.97 38369.0 88499.3 2089.97 
38369.0 88499.3 2089.97 37771.6 89328.3 1924.13 
66655.2 86484.8 1213.33 66576.8 86723.4 1174.31 
68596.2 81017.2 1800.27 67084.8 84246.2 960.493 
67084.8 84246.2 960.493 66872.0 85565.7 1168.3 
66872.0 85565.7 1168.3 66655.2 86484.8 1213.33 
62426.7 60719.2 201.471 59419.4 48737.1 155.354 
85083.4 26210.2 86.3409 50926.4 71748.8 235.863 
71850.3 68923.1 237.207 81986.5 23190.9 73.399 
91331.5 12612.4 39.4619 92799.6 12529.0 39.9821 
84499.3 35360.6 119.933 72894.9 68782.0 237.274 
69436.6 69249.1 237.052 70675.7 38900.6 125.247 
