97 178
0.0	0.0	-1.0
37488.12215615845	73563.60074043609	235.0
102473.05491153801	0.0	-1.0
0.0	111319.44626547713	1107.0
21519.381379197406	102228.35815379675	350.0
16481.11409869295	108258.16149317664	2106.0
17078.874650468915	111319.44626547713	1809.0
22117.141866641203	107052.20082530056	385.0
21092.40959722782	108907.52492972539	408.0
20580.043453253627	109556.88836627381	420.0
21604.775735073305	110948.38144459215	434.0
21860.95880165053	111319.44626547713	478.0
21519.381379197406	110020.71939237994	430.0
84198.74644016851	67255.4987853924	238.0
65582.83015052976	83675.11710955022	2102.0
57726.563938448635	86829.16808707229	1073.0
51663.57315941134	91838.54316901878	2463.0
43038.751728473326	91467.4783481338	2446.0
35011.68700020591	86365.33706096617	1834.0
33047.61756877683	96755.15204574412	526.0
31339.730991670822	105382.4091313184	3075.0
26045.281984167057	109093.05734016771	2869.0
21946.353156824785	110299.01800804374	488.0
21690.170090774827	110577.31662370758	437.0
21690.170090774827	110762.84903414988	442.0
25276.732863634403	110670.08282892873	2444.0
21946.353156824785	111133.91385503483	439.0
25191.33851588058	111319.44626547713	2207.0
21946.353156824785	111226.68006025598	440.0
26045.281984167057	109742.4207767165	2718.0
25959.88763827273	110113.48559760109	2555.0
25789.098945856178	110391.7842132649	2381.0
25276.732863634403	110855.615239371	2394.0
25276.732863634403	111041.14764981368	2290.0
25276.732863634403	111133.91385503483	2254.0
34413.926753906366	111319.44626547713	1177.0
25276.732863634403	111226.68006025598	2233.0
46710.70588143119	103156.02020600895	1046.0
43294.93459783052	107144.96703052172	3260.0
36207.207451029346	107237.73323574325	3029.0
48930.95689504941	108721.99251928274	1854.0
54396.188996768215	109278.58975060999	3354.0
62337.85114061796	111319.44626547713	3209.0
47564.64860980123	107237.73323574325	1496.0
47820.83142085631	107608.79805662783	1547.0
47223.07152302098	95734.72378831035	1027.0
55250.131354802186	97033.45066140755	2887.0
53713.035078696645	102135.5919485752	3233.0
54310.794758538366	106588.36979919445	3938.0
53456.85235224635	108814.75872450387	3457.0
61996.27435981123	85715.97362441735	2396.0
57811.95815857868	98703.24235538974	1513.0
67034.53104132743	87478.53152362106	899.0
67546.89602444961	97404.51548229253	2827.0
67034.53104132743	101671.76092246911	1445.0
61654.69757099661	108350.92769839775	1967.0
61056.93817144118	109000.29113494656	2039.0
54140.00628076569	107701.56426184936	3824.0
53969.21780124362	108258.16149317664	3615.0
66180.58935957887	108629.22631406158	3557.0
66436.77186974454	110113.48559760109	3368.0
70364.9030767885	111319.44626547713	1975.0
67290.71353533337	84324.48054609903	804.0
67290.71353533337	86179.80465052348	865.0
80441.4079088265	81077.66336335582	1879.0
72243.57410293022	86643.6356766296	2403.0
72328.96823383204	97033.45066140755	997.0
72328.96823383204	102321.12435901788	1258.0
70279.5089326493	110855.615239371	1922.0
81466.13672632689	89333.85562804554	623.0
76000.91530118835	94621.52932565585	973.0
74976.18599879296	96847.91825096529	2501.0
79160.49675560587	101486.22851202679	3661.0
73609.88012691251	110020.71939237994	3481.0
73353.69775891722	110577.31662370758	3557.0
73182.90951062448	110948.38144459215	3443.0
73097.51538559176	111133.91385503483	3429.0
73012.12125997042	111319.44626547713	3389.0
73097.51538559176	111226.68006025598	3413.0
80612.19605160094	111041.14764981368	1179.0
83259.41192839095	111319.44626547713	996.0
82576.25950506219	99723.6706128235	2283.0
82576.25950506219	109835.18698193766	1092.0
83003.2297746644	110484.55041848605	1005.0
83174.0178778194	110855.615239371	966.0
96922.45089329258	74584.02899786986	306.0
85906.62715934752	92024.07557946107	2378.0
86931.35545807316	97497.28168751368	3251.0
92140.38938922028	97033.45066140755	1619.0
83344.80597829045	111226.68006025598	961.0
102473.05491153801	111319.44626547713	2282.0
95214.57206005148	97497.28168751368	3217.0
100850.57101308172	91467.4783481338	1273.0
102473.05491153801	74027.43176654221	296.0
102473.05491153801	89704.92044893048	2413.0
27493.546901049504	41171.50621148608	131.08265185651533
36654.65416982423	372.9128357514813	0.1963447731151362
96	0	1
0	1	3
3	4	1
5	4	3
3	6	5
5	4	7
7	5	8
9	5	8
5	6	9
10	6	9
11	6	10
9	12	8
9	10	12
1	13	14
1	14	15
15	16	1
17	16	1
1	18	17
18	4	1
18	4	19
19	4	20
20	4	21
7	4	21
21	22	7
7	22	8
12	22	8
22	23	12
23	10	12
23	24	22
24	10	23
22	25	21
22	26	25
24	26	22
10	26	24
10	11	26
26	27	25
28	27	26
28	11	26
11	27	28
21	29	20
21	25	29
29	25	30
31	25	30
25	32	31
32	27	25
32	33	31
33	27	32
33	34	31
34	27	33
20	35	29
30	35	29
31	35	30
36	35	31
34	36	31
36	27	34
27	35	36
19	18	17
37	17	19
37	38	19
39	38	19
20	19	39
39	35	20
39	38	35
35	38	40
40	35	41
42	35	41
43	38	37
43	38	44
44	38	40
17	16	45
37	17	45
45	16	46
45	46	47
37	45	47
37	43	47
48	43	47
43	44	48
44	40	48
40	49	48
40	41	49
15	16	46
50	14	15
50	15	51
46	15	51
51	46	47
47	51	48
50	14	52
52	50	53
51	50	53
53	54	51
55	54	51
55	51	48
55	56	48
57	56	48
57	49	48
58	49	57
49	41	58
56	41	57
58	41	57
41	42	56
56	42	55
59	54	55
55	42	59
60	42	59
61	42	60
14	13	62
62	14	63
63	14	52
64	13	62
64	62	65
63	62	65
65	63	52
65	66	52
53	66	52
53	66	67
67	54	53
67	59	54
59	68	67
68	60	59
68	61	60
65	64	69
69	65	70
70	66	65
70	71	66
71	66	67
72	71	67
67	73	72
73	68	67
74	68	73
75	68	74
76	68	75
68	77	76
77	61	68
78	77	76
78	77	79
77	80	79
76	78	75
75	78	74
79	78	74
74	79	73
73	79	72
72	70	71
70	81	69
72	81	70
72	81	82
82	79	72
82	79	83
84	79	83
79	80	84
85	64	13
85	64	86
69	64	86
86	81	69
87	81	86
87	81	82
82	87	83
87	88	83
83	88	84
84	88	89
89	80	84
90	80	89
91	88	89
90	91	89
86	92	85
88	92	86
88	86	87
91	92	88
90	92	91
85	93	13
93	94	85
94	92	85
90	94	92
2	93	13
2	13	1
95	1	2
95	2	0
96	1	2
96	2	0
